-317,1413,1507,19,-102,-108,1,-3,-3
1639,477,-2519,-79,-102,130,-9,9,12
613,-993,-305,-39,27,-48,-2,8,11
1343,190,-1565,-82,31,31,1,-4,5
735,-285,2387,-20,-64,-67,-2,8,-6
963,456,-1888,-42,-73,88,-1,5,1
-1659,1444,-463,-14,-25,-77,10,-5,10
-443,-95,-1185,142,-14,81,-12,2,-2
-2590,3249,-710,35,-30,36,10,-14,0
-1602,-171,924,83,-50,-20,0,6,-3
-633,2195,-458,31,-200,31,4,0,2
-347,-49,-1976,-19,-50,151,8,9,5
852,314,125,-56,-83,-22,-4,9,2
-10088,3682,-5210,52,32,-38,14,-8,11
-4019,1982,4446,-4,47,-7,7,-6,-7
3444,-2319,-11041,-171,-89,81,4,9,14
2390,792,2117,0,47,114,-4,-4,-10
5661,-1318,-1666,-87,-44,-33,-5,5,5
2856,-1912,743,-36,59,-174,-3,0,9
4275,5447,-5461,6,-11,31,-8,-9,8
1263,1223,980,-98,-69,-68,0,-3,-1
1094,963,1253,-85,-105,-75,0,5,-3
2641,-922,2124,-113,61,-142,-13,2,-3
600,859,-398,-26,-97,-4,-3,5,5
-128,-1533,330,-12,73,-88,3,7,9
1419,-1507,-528,-159,29,-15,7,13,8
574,-1299,-1100,-17,104,113,-4,0,-4
-440,-1923,-8,-2,131,36,5,3,-5
-1705,-1617,-226,45,42,123,0,0,-6
708,36,4790,1,57,-48,-1,-3,-4
2266,9745,3707,38,-101,-78,-5,-8,-1
7320,-629,-2164,-134,-62,18,-3,4,2
746,6097,-2544,-78,-44,-11,3,-6,4
1563,-7678,5873,115,-13,-57,-8,11,-5
-8146,-3232,-5147,156,-52,155,3,7,-1
-3966,4235,1389,7,44,22,5,-8,-3
2171,-5151,14708,21,-21,-75,-4,8,-16
442,-1232,2730,9,-20,3,-2,5,-8
-273,-1960,5408,-58,89,-100,5,-1,-8
-624,-3559,247,50,137,31,-2,0,-3
2106,-2688,1482,-82,144,-57,0,-3,0
-2886,1147,2678,83,-44,-157,2,0,4
1984,472,-191,-31,-3,63,-3,-1,-4
3604,-6710,-2540,-21,123,-32,-8,9,9
5305,1390,781,-182,103,-15,-1,-11,-1
-527,256,-1055,-22,-107,39,3,7,0
7708,1660,5803,-131,-19,-103,-11,-3,-8
-5981,-2228,-6671,68,-15,23,11,7,16
1356,-1869,-687,39,68,25,-6,0,0
-1052,4725,937,38,-66,54,0,-7,-6
-1668,10101,-631,2,-229,23,4,-9,0
-1906,-4165,4255,-33,-24,37,7,12,-13
-2760,-2373,-2325,-46,57,40,10,2,3
516,-6601,-1625,69,63,44,-6,12,1
1062,-6279,-4929,6,66,17,-3,11,11
1636,-2387,-1205,-87,72,58,2,1,-1
3099,3807,-117,-71,-169,77,-9,-3,-7
1009,-3185,-991,-1,39,-47,-5,13,10
-3228,368,1954,142,32,-62,3,-5,-4
1180,1793,-896,-20,-173,-2,-4,8,5
-1936,7,2790,24,1,-36,8,0,-11
-1214,-2045,3474,116,9,-132,-5,10,-5
4619,2971,-3480,-171,-75,104,-7,-8,8
-2088,1166,3018,112,-40,-28,0,-2,-13
211,653,2410,21,107,-46,-3,-14,-8
2415,1926,-1580,-75,50,34,-5,-15,5
1538,-908,976,-54,31,26,0,0,-4
3539,7415,1788,-18,-151,-32,-7,-7,-2
3249,4196,-1373,-23,-25,2,-6,-8,3
2031,-4301,1701,-41,148,-29,-2,0,-2
2002,11678,-2475,-25,-148,85,-3,-17,0
2350,-560,-1315,-52,64,15,-2,-3,2
11423,-875,9878,-163,-146,-174,-13,11,-9
1751,-5773,2469,53,156,33,-7,2,-7
-2155,4333,-7110,51,-122,38,1,-1,12
-5906,7123,1229,92,-84,-39,6,-9,0
4696,-2115,113,-106,-74,-35,-3,9,2
-1132,-4533,1322,34,36,6,0,7,-3
1658,519,-978,-72,-26,-46,-5,-1,14
83,-426,732,25,-35,32,-4,8,-10
278,-1926,-1653,-52,49,79,4,10,4
-787,-6,-183,-21,57,61,9,-7,-6
-487,1044,612,-65,-109,32,12,5,-9
2603,-1521,-123,-135,86,105,-5,2,-12
-562,1044,-1188,12,-5,160,3,-8,-10
-1715,3425,5361,-30,-42,-103,5,-4,-4
-2803,721,-5279,-95,92,48,11,-7,7
957,-303,-5263,-97,-107,64,4,7,6
829,-943,-7839,-93,12,62,4,1,11
-2883,4417,-4703,56,-40,96,2,-6,3
2557,-6319,3889,51,147,9,-8,3,-8
-7939,-799,-4191,82,-9,-52,10,2,11
-7470,-439,367,120,92,9,17,-6,-2
-2134,-94,-898,20,-115,40,6,10,0
-478,1930,2092,20,-35,-114,0,-4,2
1040,-1727,551,-82,28,-59,3,4,3
-2318,-324,2069,4,63,-77,8,-4,-1
-2249,21,-1220,73,0,18,2,0,3
2627,-3199,-2577,17,44,113,-11,8,0
-2732,-1796,482,-2,103,-68,10,-2,4
441,1243,20,43,-28,83,-10,-8,-11
1029,-1151,-764,-104,68,94,4,2,-5
-672,-2551,97,25,153,40,3,4,-6
1027,1714,-804,-72,-122,60,-1,-2,1
416,1506,-50,-32,-22,16,0,-14,-1
-1131,1623,-1103,150,-108,20,-9,-3,10
1001,-990,-1454,-63,37,75,-2,5,6
-418,465,403,-35,5,45,12,-8,-14
682,-734,73,-21,120,-75,-7,-9,11
-2343,333,-1159,140,-79,25,12,8,13
924,421,-587,-43,3,-75,-7,-7,21
-693,-404,293,44,24,-5,3,2,-4
363,355,183,-58,-33,-49,4,0,5
-5454,-1885,-2432,116,-43,149,13,12,-3
342,-793,-941,-17,15,23,0,2,2
-456,1139,-920,21,-22,0,0,-3,4
-101,-4352,13169,23,75,-150,-1,2,-10
-3122,360,-2677,83,-49,-84,0,2,8
-7093,-2072,800,51,-24,78,7,4,-5
6397,1082,4505,8,88,-39,-9,-6,-4
-63,1937,-1005,22,46,106,-1,-5,-4
-595,1367,-910,-42,-56,45,3,1,-1
2578,-11667,-1670,-28,-25,-52,-2,17,5
-3425,-215,4501,138,8,41,-2,0,-11
-4625,-135,-939,27,-77,13,7,5,1
479,1913,2117,-17,-42,-66,0,-1,0
-3015,2181,-3524,-9,-40,-70,7,-2,12
-2280,-5424,436,137,74,108,-4,7,-8
6240,-669,-2024,-54,-7,-89,-10,2,10
-3885,-84,-8054,51,-11,50,5,1,14
-3345,6336,2956,2,-8,-69,7,-13,-2
-3465,-1449,-779,6,-43,-22,7,6,3
-1170,-8754,-1094,162,92,-27,-8,13,4
6195,2541,886,-68,10,-31,-9,-6,0
5625,3321,-2279,-142,-78,90,-3,-2,-1
146,1150,-504,-34,-42,20,4,-8,3
-64,-2,1992,16,-63,-110,-1,10,-9
-1138,334,-24,99,0,-7,0,-4,1
2156,-146,354,-104,14,-19,-11,0,-2
2224,501,-708,-92,-21,-46,0,0,6
664,405,960,98,33,22,-10,-4,-5
1144,2061,-2388,-47,-36,149,0,-4,-4
-212,-2043,4500,-78,-65,-113,7,12,-6
1084,4569,-4644,-57,-28,-32,1,-13,18
-824,5649,-4296,60,-48,-34,-2,-15,17
88,-591,-3132,22,-13,30,-2,3,8
2836,1917,-696,-30,-105,116,-7,2,-7
-4061,279,753,73,-63,7,7,4,-3
4439,579,-422,-46,-23,-24,-10,0,3
-2060,11364,-3131,-39,-107,-127,6,-14,13
6751,672,-9962,-119,64,97,-5,-5,12
-575,7206,-6068,-33,-100,13,3,-7,10
2197,2553,-4418,2,-78,-71,-4,0,12
4045,243,-5342,31,9,-26,-9,-1,11
358,122,480,-55,-68,25,4,8,-8
-1021,-158,1908,156,12,-122,-11,0,-2
939,283,-283,1,33,-48,-9,-7,9
519,-438,1425,31,107,-35,-9,-10,-9
904,-641,-388,-139,54,12,10,-1,2
6864,2454,-491,65,22,15,-17,-6,0
-272,1750,-3947,57,11,-9,-3,-4,8
1168,-6842,3589,78,164,36,-7,3,-9
-2224,4070,-347,-80,21,-105,9,-9,7
-1872,2102,-875,41,66,-39,1,-8,4
-5120,-3610,1701,126,63,-4,2,3,-3
-7936,774,-2043,115,-74,47,8,3,1
-5770,1949,-1810,144,-4,67,16,-10,3
1032,524,-993,66,-119,54,-12,9,0
-241,904,-2703,23,-39,74,-1,-1,7
1659,-2535,52,73,32,-11,-16,10,1
-469,790,-214,-55,97,-77,8,-14,9
-13,-179,356,31,18,-57,-3,-1,4
899,-312,-2000,-27,-45,127,-2,6,-2
1545,581,-727,-11,38,40,-7,-7,0
-3167,1702,-43,147,49,4,2,-14,0
-526,106,-3919,8,-17,38,2,1,17
1381,-388,-404,-175,24,29,7,2,2
-144,-1008,-374,5,163,59,2,-12,-4
-4344,-3608,1616,45,54,-4,6,4,-3
-1647,-787,4189,-10,-53,25,4,5,-10
3965,7621,-1235,-35,-45,34,-4,-9,0
-6925,-515,4255,27,33,-26,9,-1,-5
-3361,-7715,-3737,76,48,122,1,9,-1
4829,5857,-1217,-96,-107,15,-2,-3,1
1877,-1469,-4079,-51,41,39,0,0,4
4584,-3664,7121,124,69,-87,-17,3,-9
4708,-719,1014,-8,54,-82,-9,-2,3
-4530,3249,1665,-46,22,73,12,-8,-8
361,-798,851,-116,55,25,10,-1,-8
-2177,1209,-355,82,-66,16,4,0,0
784,-573,1544,-54,52,-23,1,-2,-7
1639,-879,-436,-73,-121,68,-2,18,-5
1297,1317,-166,-54,-15,-4,-2,-6,1
3466,1938,-2011,-70,-78,13,-13,-3,10
-2096,1173,-1561,11,-83,121,11,2,-4
-548,2163,1724,-75,-119,-109,11,0,1
469,-2427,1067,11,3,-63,-4,14,0
919,57,3083,-33,-78,-118,-2,8,-6
947,-909,986,-77,0,-36,1,10,-6
609,-857,-925,-79,73,20,5,-1,7
-4448,-1323,-14360,54,34,149,3,0,11
1636,4332,-3557,78,-71,-68,-6,-2,8
-2420,-12321,6739,2,56,88,3,13,-13
1636,6477,-944,-42,34,-35,0,-10,3
8812,2148,-5273,-26,45,96,-10,-5,2
-587,-3195,-14945,-85,22,84,5,3,15
6394,-3429,3346,36,88,15,-10,0,-5
-1958,2401,204,102,-119,-34,5,-7,3
-1090,266,1569,55,-19,-109,3,0,0
2574,-921,907,-139,58,-86,-6,1,3
-2718,-298,501,59,6,-57,18,2,3
-219,-1950,998,23,94,-40,-1,6,-4
3407,-809,1474,-116,35,-89,-17,3,-2
-541,-1670,-661,-14,29,41,7,12,1
-485,451,1803,-18,-25,-75,7,-1,-7
796,1109,1586,3,-132,-82,-8,7,-4
5,-438,2104,22,76,-59,-3,-6,-12
2770,724,137,-138,8,74,-8,-8,-11
1335,-935,1586,-133,59,-52,5,1,-8
-600,-494,17,0,26,-10,4,0,1
-73,1376,-1547,-13,42,37,2,-14,6
-2198,1750,-1088,85,-124,10,5,2,6
-955,2741,1118,87,-214,-96,0,-6,-1
79,398,260,-1,11,0,-1,-8,-4
-394,112,-873,90,55,13,-9,-11,11
750,-251,-1390,-2,-32,72,-11,9,9
-933,-625,-1511,25,68,77,10,-2,10
-812,673,-1159,38,-38,153,6,-4,-8
-2490,1276,508,17,-16,112,5,-2,-9
730,-1902,-4252,18,-62,21,-3,9,9
-1678,6904,3168,17,-72,-41,3,-12,-5
-40,-432,-3034,-56,132,50,4,-8,4
2980,-2943,13263,-88,-2,-129,0,5,-15
8216,3432,-5165,-67,-32,-42,-10,-4,11
-2188,11252,-4927,64,-87,-49,0,-14,11
-2513,-3249,3089,176,-8,-100,-6,7,0
-5055,223,-4289,2,24,-22,10,-2,10
-3722,1370,-2274,7,35,-7,7,-5,5
9201,8581,1004,-55,-80,114,-9,-7,-7
-315,469,-6640,-51,-52,-30,3,2,10
5886,-19772,1433,-70,127,63,-4,19,-5
4716,7333,-7264,120,12,26,-12,-10,8
2571,4213,-7108,75,-108,42,-7,0,7
2688,7060,-946,12,39,-36,-4,-11,3
3195,-4523,-5548,-41,116,-38,-2,0,9
16182,20203,8375,-134,-78,-175,-14,-22,-2
-8583,4213,3851,41,-28,-99,9,-4,0
-29,-291,-717,-1,26,133,1,0,-11
-1487,-747,-663,140,90,44,-2,-4,2
-77,-1047,129,29,63,-48,-3,4,6
1,627,-9,-62,-5,-4,10,-7,1
-689,225,1479,28,-4,-89,5,-2,-5
3651,9977,-1851,-74,-16,28,-1,-12,1
-2004,-10303,2127,-9,4,-54,3,13,0
1389,4088,-3060,104,15,-1,-7,-6,4
11256,-2971,-2007,-129,36,52,-8,2,0
6147,-787,12696,-98,60,-145,-3,-2,-9
8994,6467,10551,-51,-186,110,-9,1,-19
2832,3035,2322,107,62,41,-9,-7,-5
-11559,7286,-5244,116,-47,-45,9,-7,9
5991,-8704,8679,-94,-17,-2,-3,12,-11
4718,-4023,8441,-136,19,-128,-1,7,-9
4625,-861,-1262,-69,77,73,-5,-3,-2
589,3578,-416,58,-10,64,-7,-12,-4
1141,-2678,1217,-50,34,29,0,7,-7
3211,1600,2988,-44,4,-60,-8,-6,-6
-2056,-33,-1727,5,51,13,7,-4,5
-3476,6358,-3757,96,49,73,1,-16,3
2476,-4275,-99,64,40,-29,-9,6,2
9885,2111,1265,-47,-86,-41,-17,1,0
-10544,1150,955,132,121,-31,13,-10,0
-717,-338,-6640,-41,57,54,4,-3,10
-1306,3785,-502,-22,-124,-32,4,0,3
-3941,-2105,-5090,79,-62,-12,3,8,11
-3352,4405,-4067,108,-32,67,0,-7,4
403,-1972,-1042,-28,84,-34,1,-1,5
2153,884,-496,11,69,-68,-6,-7,6
-264,-3603,2640,26,104,-76,-1,0,0
-754,4587,1100,22,-58,4,0,-4,-2
4321,-3078,-6425,93,125,-33,-12,-2,12
-1419,387,-8280,41,26,92,0,-2,8
681,4902,3760,-55,-49,0,2,-5,-6
1451,-7348,-10450,-59,-5,118,1,12,10
4286,2802,-7265,-122,83,-45,0,-9,14
1337,5510,-5238,7,-83,58,-3,-6,7
6297,1232,8216,-89,-25,-184,-7,-1,-5
787,3206,2183,42,-63,4,-5,-4,-6
-941,3017,-3568,8,-112,147,2,0,-1
4027,3557,-679,-134,-104,68,-1,-2,-3
4864,-1438,-2137,31,67,-46,-15,-1,9
325,164,754,-74,3,-4,7,-4,-13
610,524,-201,-75,-22,20,2,-6,0
-215,224,699,-9,-36,-15,5,2,-10
-495,1334,-1331,30,-136,133,3,0,0
-390,-6,-861,25,9,130,2,-2,-8
-595,729,-116,-4,-59,6,11,-3,1
1360,804,-56,-139,-72,0,0,-2,1
90,359,-591,-78,11,92,12,-9,-6
-620,-1566,-231,48,99,23,2,10,0
-1355,1069,-1321,94,-126,110,7,3,4
699,-1699,-4607,5,86,93,-3,-1,9
2056,3131,-329,-90,8,-141,0,-12,13
-3602,1291,407,36,-44,-53,10,-1,3
-267,2717,-1870,83,-142,82,-6,2,0
-704,1636,3903,6,-47,-109,2,-2,-5
-1946,1429,1626,0,22,-70,7,-7,0
156,4594,673,33,8,-18,-2,-7,0
3116,1597,3966,-28,-6,-31,-3,-2,-4
10812,5334,1672,-27,-126,-64,-14,-1,1
1414,524,2190,75,23,131,-6,-2,-10
5336,9663,-6357,26,-91,58,-9,-9,6
4300,-438,-12758,73,-46,22,-10,3,17
3967,-3546,-918,-70,0,44,-2,5,-1
6224,10440,3670,-112,78,-23,-3,-19,-4
7334,2707,1783,-66,-55,-48,-7,-1,0
1007,10514,-3175,-47,-19,86,1,-14,0
-2289,2879,3134,87,43,-47,-1,-8,-3
1279,9407,-6930,157,-194,53,-12,-6,10
943,-8481,-1938,-80,35,-4,3,14,4
-7969,4127,-738,50,37,-58,12,-10,5
2019,1112,5886,-99,-85,-7,2,3,-13
4861,6767,-4438,-137,5,34,-2,-16,8
6427,909,3218,-56,72,10,-11,-7,-8
1758,2446,-4960,45,-146,112,-7,4,4
4165,-1469,2000,-128,124,-128,-1,-5,4
1113,-1854,63,-47,6,-29,-3,13,3
-1495,-30,2031,65,28,-84,3,-3,-5
-1055,-998,1583,-39,148,-56,12,-10,-5
-2071,-654,2647,135,-1,-216,-1,5,6
769,10,2767,-51,0,-11,0,0,-19
-1047,3450,943,20,-45,-16,5,-20,-5
-679,-814,1511,31,-59,-94,1,13,0
17,-1334,-273,-4,-18,-42,0,12,7
521,802,-1201,7,27,84,-5,-9,-1
1041,-686,-737,-68,69,106,0,-3,-7
5465,-618,2857,-66,17,-74,-4,0,0
4344,-1207,-15402,-134,91,75,1,-3,17
-1375,-181,-4002,-3,-14,87,2,1,1
15288,-9263,3256,-71,69,-26,-17,9,-3
-6733,-6755,2914,21,120,22,8,3,-5
88,1567,8025,17,18,-54,-1,-3,-8
2026,1168,-2577,-34,-30,30,-1,0,2
-104,1351,-1305,59,-36,-21,-4,-1,5
2137,1108,-738,-52,-55,28,-2,1,0
3730,-2807,5013,29,90,-73,-12,1,-8
2299,-971,1341,-86,78,-49,0,-3,0
-939,-4363,2031,35,140,-73,0,1,0
265,2329,5083,-66,-41,-95,4,-3,-6
-1009,-261,8765,52,-21,-38,-1,2,-19
2393,1125,2717,-84,-56,-83,0,1,-1
1035,1125,-3989,8,2,84,-3,-3,4
-85,4961,7253,-39,-164,-71,3,-1,-13
6201,-3075,7757,-191,123,-60,-2,-1,-15
300,-160,-566,-5,-6,-76,-2,2,15
2281,-1672,-706,-124,42,84,-5,10,-5
-2836,323,-251,159,-3,44,6,-3,-4
2169,-573,-706,-71,31,54,-11,1,-1
1511,-1259,1527,-9,95,-38,-13,-1,-10
-330,-937,-2071,-50,-18,84,10,11,8
13,386,1457,-7,15,-108,1,-6,0
-953,1163,1331,-28,-33,-144,13,-7,6
-799,-1490,246,126,149,1,-9,-6,-3
90,-930,1177,10,64,-43,-2,0,-6
-1763,-994,1921,95,80,12,0,-3,-11
-1155,-709,-834,73,-25,67,-1,6,-2
1429,-405,1959,-33,79,-90,-4,-6,-1
4418,1330,2934,-78,-60,33,-4,1,-8
-3239,4306,-1902,57,52,93,3,-12,-2
-2929,-5149,4949,-65,-11,-160,10,11,0
-511,-778,-6149,-47,40,22,4,-1,11
5162,4306,-2677,-38,-188,38,-8,3,3
-1631,-8674,2819,130,172,-108,-5,12,0
-1761,3091,-1250,0,-105,8,5,-1,3
-1631,-42,-7022,-32,110,122,7,-8,11
150,-5333,3664,-33,3,8,2,15,-11
6923,-3578,-418,-118,165,57,-11,-2,-3
8873,5795,-5189,-166,-128,119,-13,-7,6
-2125,2103,-2628,41,-40,115,3,-3,-1
-2543,858,5229,21,-7,-67,3,-1,-5
-4668,3476,-3917,-74,-84,132,12,-1,-1
-8357,6332,-7793,17,-63,36,13,-7,11
3125,665,3538,-65,-76,-2,-1,3,-5
-6384,-14838,5203,59,58,-104,6,18,-2
-908,3810,-1753,-51,67,8,4,-9,2
-1722,-6180,-6082,-48,-43,49,5,11,6
-3054,1368,-4565,83,-38,-49,0,0,9
-2373,1080,365,-31,-24,53,12,-2,-6
-4430,2169,-614,51,53,86,13,-13,-5
-924,-3134,591,79,-14,-49,-3,18,2
-1874,514,-3988,-1,-26,32,10,0,18
-145,-1747,4486,8,43,-114,0,5,-12
653,-2032,2320,-34,108,-70,0,0,-5
881,2243,1294,-6,-37,-26,-4,-8,-4
-2425,-1101,-1480,88,-11,70,4,7,1
-2919,1578,1256,194,-32,46,-4,-5,-11
-2634,856,2320,-1,-24,-50,14,-2,-7
144,-1759,161,26,100,-4,-6,7,-2
1464,-673,437,-32,55,-27,-14,0,-2
72,1133,65,-20,-37,4,2,-9,-2
-444,-943,-577,75,19,-53,-6,9,15
-4278,-11885,3366,-11,163,56,7,9,-8
3984,5233,8190,0,76,-4,-6,-12,-12
5460,-4091,8892,-41,39,-5,-6,4,-13
150,-2147,1692,-60,-52,-27,3,6,-1
-2874,1183,-576,61,133,-75,1,-9,5
-1956,-1103,1656,128,104,11,-4,-4,-3
186,-3893,4752,50,15,-38,-3,5,-5
-591,7845,4320,-13,-93,-43,2,-10,-6
1889,-5082,-1012,-29,148,-63,-2,1,6
1858,3040,-2283,100,-34,74,-10,-4,0
-3691,1862,-299,103,132,-102,1,-12,7
-6853,2141,1592,109,-53,13,7,-1,-4
6663,1769,9497,-55,23,-146,-10,-5,-10
-5309,-4880,2885,105,126,4,3,1,-5
3021,-8416,6149,-70,125,-22,-1,7,-9
3949,1547,1981,-5,21,84,-11,-6,-12
5093,156,1487,-76,-47,22,-9,3,-6
6094,2899,-5455,-74,-112,127,-12,0,6
6523,-4615,395,-131,96,-17,-9,6,0
-2486,1820,-2023,94,-84,130,0,1,-4
-4028,1467,2219,128,-43,-17,10,-4,-11
-1472,531,-5062,-14,9,150,10,-4,14
-608,-954,-1948,-43,6,110,8,5,0
-3921,1247,5039,-33,-106,51,9,4,-12
-9267,1214,-175,61,14,-80,13,-3,5
2646,4481,-6313,23,-34,-64,-6,-6,15
996,-2548,-3145,-63,-93,61,2,10,2
-786,-6277,-373,-26,-14,-40,3,12,3
-2898,-8323,-2122,157,150,47,-4,6,1
4098,9167,-2617,-89,-57,113,-2,-13,-2
-225,1808,3752,42,13,-63,-2,-4,-3
-4219,1852,5263,73,-68,-70,6,0,-9
-4597,-119,6667,101,33,-80,5,-2,-12
4637,-3521,2887,-157,-93,-108,-1,16,0
1505,-4304,538,-41,62,7,-1,7,-2
-4737,3953,180,127,-44,-8,9,-13,0
-2154,-1066,-4440,81,-3,179,2,5,3
2025,-457,4380,-8,-109,-87,-8,12,-11
870,1916,1125,-118,-2,-31,7,-8,-2
-33,1076,4338,-9,-94,-195,1,4,-1
3726,1664,-1143,-122,43,-22,-5,-11,7
-3855,-142,3645,85,-14,-19,9,2,-14
-3330,-268,-975,137,-96,36,2,10,1
3096,4079,2280,-4,-105,-20,-13,-8,-8
738,943,775,-36,0,-63,-7,-16,-2
-437,-727,-595,54,123,63,-2,-8,0
633,-157,-1665,-86,-33,170,4,10,0
-312,-262,-110,-8,49,-13,7,-3,5
-897,1478,-1095,67,-92,113,4,-9,0
548,-502,880,-61,73,-101,1,-3,3
-957,-77,-260,18,3,-20,14,2,9
23,-1767,370,-25,128,-50,4,10,3
9335,-1502,-1376,-94,46,109,-12,0,-4
-89,-8910,-1472,19,162,13,-1,7,2
1431,402,7824,-45,-30,-30,0,1,-13
3607,-1854,-3216,-80,90,-15,-2,-2,7
-1431,-1856,4713,-152,52,-127,10,0,0
1418,-8072,-4870,56,30,132,-5,10,0
-5020,-6592,-2539,21,-67,12,6,13,3
1418,6284,-4574,-20,-16,-85,-1,-8,11
-1357,3879,-11493,36,30,-31,0,-7,18
4779,-2196,-6490,34,-13,-96,-9,4,15
405,8280,-820,63,-82,135,-4,-8,-6
-4347,2178,890,84,-42,-153,2,-1,7
7425,936,6740,-21,11,-1,-10,-2,-10
2030,-6060,5989,-94,68,9,2,5,-9
-3113,1562,-3557,121,-62,20,-2,1,4
15387,8111,-3927,-132,-11,-27,-15,-11,7
1105,-12905,-1522,-31,139,-16,0,11,3
-13843,4300,957,50,-22,12,17,-5,-2
1364,970,-338,-38,-46,-67,0,1,4
328,-9020,11539,-67,-23,-160,3,14,-8
1441,1858,-3933,-114,-33,72,4,-1,2
-12401,-6674,-9819,67,19,69,15,9,11
5095,6196,567,25,-24,-16,-9,-8,0
-4751,-4964,10125,21,27,-152,6,6,-7
-1546,-4772,-2286,41,141,-34,1,2,8
6784,-1538,4434,-126,-76,-129,-8,9,-2
-1896,4454,-2356,68,-58,70,0,-7,1
4166,296,2040,-47,-11,0,-7,0,-5
-7306,-125,-3525,148,-33,50,11,3,7
-4356,-8500,-3550,69,68,168,8,21,-2
1044,-225,-1950,-95,23,39,4,-1,3
-617,666,-1168,-14,-32,45,4,0,1
5515,5664,-1714,-141,-83,71,-11,-17,1
1735,-1329,-1084,50,96,52,-12,-3,0
1101,-5305,-338,-82,-26,-62,3,14,5
6843,1974,-4137,5,-37,-51,-16,-2,13
-206,-91,-1046,110,-61,68,-15,12,4
520,877,175,8,-47,-49,-9,-5,5
520,-795,65,-112,-9,-15,11,14,1
597,-608,-1046,-101,10,86,8,8,1
-1702,-190,230,138,2,54,3,3,-13
465,-1136,-1321,-29,58,87,-2,8,5
-1152,-487,-331,94,71,39,2,-4,-2
-1733,-1423,-1483,-61,121,34,10,-5,2
-3583,-148,-2933,78,-8,27,5,1,7
1292,-548,1717,-39,125,-16,-1,-8,-4
-333,2677,842,91,-4,-33,-6,-8,0
1542,4377,1792,-114,32,20,4,-16,-7
2192,402,-2183,16,22,36,-8,-3,4
1792,102,3467,32,-57,-125,-8,4,-1
17,2502,1642,25,29,-78,-2,-10,1
158,-2993,164,-42,8,-3,2,4,0
4820,-3011,2756,-5,-10,36,-7,5,-6
-3151,-4516,-1216,118,172,1,3,4,5
-1324,1385,-1867,-46,1,54,10,-6,3
-4012,1028,-2329,93,40,54,9,-8,5
524,-3697,1829,31,56,32,-5,11,-11
-7847,-3949,10230,-49,45,-93,13,3,-9
-969,-3322,-12874,-152,-69,203,9,8,7
-4579,2131,-1113,-57,41,69,9,-5,-2
-1140,-6286,-9758,67,126,121,-2,2,7
399,-8775,5271,7,16,-99,-1,11,-2
-1390,-740,258,152,-4,-23,-6,9,1
2276,-2742,11,-172,213,59,0,0,-8
1522,-714,63,-107,-62,-1,-1,17,0
-948,1236,492,-36,-86,8,16,-1,-6
-350,-1195,895,-68,24,5,14,10,-10
-662,1392,-106,61,-14,-30,-1,-13,6
2744,547,1090,-82,-82,-52,-18,6,-4
-714,508,-886,44,-79,44,2,6,4
91,79,957,-26,53,12,3,-10,-17
-96,1014,-1573,3,-80,140,1,-2,0
-393,827,55,48,-63,-8,-2,-2,0
872,-559,583,-49,57,-8,-5,-1,-8
-30,673,231,-57,-61,-60,10,0,6
-613,-702,1793,2,88,-70,9,-4,-16
663,596,-253,-48,-90,26,-2,6,-1
-394,705,481,4,30,-34,3,-10,0
61,-1297,-1430,84,38,50,-12,8,7
-233,1909,-163,15,-131,-33,0,0,6
-870,348,2105,83,-42,-45,-3,3,-14
1664,285,1755,-113,45,-35,-1,-8,-12
-1269,1545,-415,89,-60,-30,0,-6,8
-534,-261,1293,-1,-21,-92,5,6,0
-135,-121,-2557,-7,44,93,2,-4,12
1223,-415,292,-74,35,-28,-2,0,1
824,-1430,922,-68,115,-73,1,-1,1
-640,2303,-1594,-90,328,-227,5,-25,15
-1065,354,-3254,-152,47,-462,10,-3,31
2462,751,1569,346,107,226,-22,-7,-14
-106,-2052,-2044,-16,-295,-290,4,15,15
-2837,147,1838,-406,22,262,24,-6,-22
2592,-1392,-608,374,-198,-87,-23,12,7
1813,1582,-1758,259,229,-248,-18,-17,14
-1899,1420,658,-267,200,92,16,-16,-11
1208,-1527,-1923,172,-215,-275,-16,10,16
2156,-2278,169,307,-326,27,-21,22,-1
1056,-798,-2596,147,-116,-372,-9,7,28
-1199,620,2328,-171,88,326,14,1,-26
-2396,-657,2316,-338,-95,329,24,6,-22
-824,587,-2484,-121,82,-353,8,-2,28
1659,739,-2320,235,105,-333,-18,-8,23
-2673,-573,489,-379,-75,67,25,5,0
-1570,-2486,60,-229,-357,7,14,29,-2
-2626,179,257,-375,24,38,23,-1,-4
849,-331,-2900,120,-49,-417,-8,0,31
645,1229,2673,89,177,376,-6,-14,-28
-1480,-2064,-361,-211,-295,-55,14,21,5
-2665,43,1552,-381,6,223,30,3,-17
-1459,51,2649,-202,7,371,13,-3,-21
-1482,-2729,-452,-211,-391,-64,14,24,4
1608,2630,144,228,371,14,-16,-26,4
1165,499,2876,163,71,411,-12,-9,-30
2642,-695,-895,383,-101,-127,-23,1,4
-2614,-864,-1341,-370,-122,-187,26,8,10
-1044,729,-2321,-151,103,-328,5,-7,22
-1018,-916,-2755,-145,-129,-388,5,8,23
-3177,847,960,-456,120,143,30,-8,-2
1358,1463,-2332,194,215,-332,-15,-12,23
-1230,-3445,-695,-178,-496,-100,9,34,8
284,229,2992,41,34,427,-4,-2,-30
-1398,-1284,-2531,-195,-185,-358,12,18,30
280,1690,-1795,41,241,-252,-4,-16,19
-1556,637,2590,-215,94,374,15,-3,-25
1970,-1629,2345,282,-237,335,-14,13,-29
624,-2660,-1245,92,-377,-177,-6,27,12
2472,-1297,-1889,352,-187,-272,-21,11,21
1475,-2024,-2192,216,-292,-316,-19,18,22
2316,-1953,720,327,-284,103,-25,21,-5
-1493,692,-3102,-213,100,-443,14,-7,27
1825,1169,2010,263,164,287,-18,-10,-16
132,-416,2718,18,-59,390,-2,7,-26
-3328,-231,203,-477,-34,36,31,4,-4
-1458,911,-2505,-208,128,-357,16,-9,26
-232,2726,-1244,-34,389,-177,-3,-28,9
-2076,-2126,878,-297,-304,128,21,23,-10
3071,-1789,-978,444,-255,-139,-32,15,6
470,1352,2371,69,192,338,-1,-14,-19
-366,2757,334,-51,394,48,3,-23,-2
142,3704,-779,23,528,-111,-4,-35,6
-2560,678,-902,-365,96,-128,26,-4,10
-799,-1439,1718,-115,-205,245,2,16,-16
252,-205,2964,36,-31,420,-3,2,-29
1111,-2850,-712,159,-409,-107,-10,28,8
-460,2649,-1121,-67,382,-159,7,-32,15
3050,-961,419,434,-142,58,-31,13,-4
-690,583,3314,-98,86,474,8,-6,-34
1533,1358,-2236,218,195,-319,-15,-12,23
2116,1539,1334,296,223,196,-23,-12,-16
-480,-2566,1780,-70,-372,250,5,19,-14
-157,-2633,1171,-20,-380,163,0,30,-8
-551,2588,-222,-81,366,-28,11,-23,-1
-2411,917,589,-341,131,85,24,-8,-6
-889,-2793,-844,-130,-400,-122,12,24,8
1520,-2712,-490,219,-383,-68,-12,27,6
-1591,-1155,1957,-228,-169,282,14,15,-18
-2439,1395,-500,-347,199,-73,28,-12,5
-1337,172,-2489,-187,23,-355,18,3,23
316,-2188,1642,42,-313,230,-3,21,-17
-165,1828,-2025,-19,258,-292,1,-16,18
-1747,1095,1978,-244,154,284,18,-12,-25
-2666,540,-1200,-379,80,-168,25,1,8
1683,-834,-1770,240,-119,-252,-16,5,18
-2653,450,-388,-382,65,-56,31,3,7
2146,-2673,-252,307,-382,-35,-25,26,-1
-496,-2646,1797,-73,-379,258,3,24,-16
1530,360,-3009,217,48,-423,-15,-1,30
-640,-802,-2660,-88,-114,-376,7,7,28
-811,1540,-2260,-116,218,-322,1,-12,22
-2796,1328,-710,-396,191,-100,27,-13,7
129,472,2813,24,63,404,4,-2,-26
-1420,-2470,-1046,-201,-355,-153,21,18,6
2451,808,-944,347,115,-138,-24,-6,11
-40,2324,-1830,-3,330,-266,-1,-17,18
-82,3079,1442,-10,440,210,0,-26,-10
2698,-1471,-783,379,-209,-112,-26,16,9
2894,-1493,-387,412,-213,-57,-28,14,-3
1417,2516,-12,198,358,2,-17,-23,-2
747,2897,-1186,106,417,-165,-7,-33,15
-4,2281,-2417,-4,328,-340,6,-23,31
1737,-1461,2393,243,-202,335,-13,18,-30
-902,1843,-2360,-130,264,-337,11,-15,25
-1582,20,-1857,-227,-1,-263,14,-1,23
-1830,629,-1964,-258,85,-278,10,-8,17
-2085,1038,-866,-292,149,-127,21,-10,8
-1186,2355,1683,-169,335,243,11,-23,-16
-2259,248,-2209,-324,35,-314,22,0,21
-1283,-2116,1398,-186,-301,202,7,19,-21
-645,-3178,1278,-90,-449,181,6,26,-15
-1736,-2087,-1254,-249,-297,-181,17,19,14
183,-1786,-1791,26,-249,-259,-1,19,17
2465,-1286,-188,355,-185,-26,-24,12,4
234,-1280,-2961,29,-180,-419,-2,13,25
1084,1772,-2323,151,254,-331,-10,-15,23
-33,-757,2842,-7,-110,407,1,7,-27
-62,223,-2854,-6,30,-407,4,-2,29
-1939,-2234,-470,-276,-318,-65,18,23,6
-1064,-2485,1011,-154,-357,141,10,28,-5
-2793,-281,1074,-400,-36,156,25,2,-9
-2153,1885,362,-301,274,50,19,-19,0
-1097,2219,-1431,-157,314,-207,11,-22,12
1795,-2653,694,256,-382,99,-18,29,-6
-1706,2021,-841,-238,287,-120,17,-25,10
-163,-1743,1795,-26,-252,258,1,17,-17
1425,1729,977,202,243,138,-13,-17,-10
648,2109,-994,90,303,-143,-3,-19,14
-1738,468,1971,-249,65,278,18,0,-20
1045,1218,2731,148,175,394,-8,-11,-27
-540,1940,-2022,-77,280,-283,5,-21,17
-2979,1549,-239,-430,222,-34,27,-21,0
-2598,-2175,-183,-374,-314,-26,21,19,2
-1391,2880,-1142,-195,410,-163,9,-28,12
-1253,-1245,2513,-182,-173,362,12,13,-22
771,75,2400,104,11,342,-7,4,-25
468,988,-2854,67,143,-403,1,-13,25
-1290,2001,1041,-180,286,148,12,-22,-8
11,-1463,2584,-4,-215,375,0,13,-30
1672,-2459,-1046,233,-348,-149,-21,24,15
-1973,2358,-291,-279,338,-37,21,-23,1
327,-2775,2079,49,-396,298,-4,32,-24
-2260,400,-2962,-327,56,-422,22,-8,28
-431,-282,3083,-61,-39,440,1,5,-24
-2378,1821,-1219,-331,261,-174,14,-22,18
187,2556,-1007,26,368,-146,-2,-24,10
1417,-2451,289,199,-350,40,-19,25,-3
-2105,292,2336,-295,42,329,22,-1,-23
1397,2026,1405,200,289,200,-8,-19,-11
2364,323,-382,341,49,-58,-21,-6,4
-256,-3019,633,-36,-430,90,2,35,-5
3025,-164,1078,429,-21,153,-29,1,-9
2723,-2091,-29,388,-297,-3,-29,16,-2
197,709,2512,30,108,362,-6,-5,-25
-1843,874,1771,-261,131,253,17,-12,-17
2707,-769,818,382,-107,112,-26,9,-4
164,-239,3326,20,-36,474,-5,-2,-35
-1484,-1867,1429,-211,-271,204,12,18,-16
-1091,-1732,-2881,-154,-248,-411,8,15,29
2142,1579,-1231,306,223,-177,-19,-18,6
-2977,300,945,-425,44,133,30,3,-7
1742,1775,-36,244,253,-7,-17,-17,5
-1594,-2674,495,-230,-382,74,13,21,-1
-1665,2225,-1776,-240,314,-250,17,-21,17
142,2432,-376,18,351,-52,-2,-16,2
-950,1633,1739,-139,229,248,9,-16,-17
-2816,-480,-893,-404,-71,-131,31,6,8
-455,932,2810,-69,135,403,3,-13,-27
-3730,366,-606,-532,55,-86,37,-3,4
252,-2577,-244,36,-367,-35,-6,26,3
801,-2233,-1237,112,-315,-174,-8,27,13
2442,-462,1909,350,-65,270,-22,5,-12
-2324,1403,-1040,-332,203,-139,22,-13,12
-2533,1295,-1541,-361,183,-221,25,-11,17
-1512,-932,1936,-216,-134,276,18,9,-18
2274,1583,-1494,319,227,-214,-21,-17,14
-2158,-1734,-2643,-302,-242,-377,26,15,26
687,954,2298,94,130,329,-12,-8,-28
-2296,571,-1404,-334,81,-198,24,-5,13
-431,2980,489,-55,424,64,4,-33,-4
-2237,-2695,-582,-316,-385,-83,21,32,5
-1619,759,-2656,-225,114,-380,19,-12,26
945,447,3126,130,61,444,-12,-9,-31
2412,-1076,1127,344,-158,158,-28,8,-7
77,3074,-1824,14,438,-257,0,-30,21
1306,1552,-1954,187,222,-281,-16,-13,18
808,2843,1357,116,408,190,-9,-28,-10
-105,-919,2898,-15,-129,418,1,13,-28
994,1043,-1978,140,151,-279,-9,-9,20
3077,70,482,442,10,68,-32,-1,-6
-2772,1,-1392,-397,-2,-201,30,2,13
1297,-2205,120,184,-321,17,-9,20,0
-3102,-5,-1354,-444,3,-194,30,-1,12
-1621,-2313,374,-235,-329,52,18,20,-3
1902,-240,2425,266,-34,348,-19,1,-25
-1803,-1696,-543,-257,-238,-74,21,18,4
2854,-216,1608,404,-28,229,-30,6,-13
1502,-1352,-2578,211,-192,-364,-15,19,16
1559,-2311,-45,220,-328,-6,-17,22,5
-402,2270,-796,-58,325,-110,7,-21,3
-1370,-11,-2620,-196,3,-373,13,4,31
-953,3009,1273,-138,429,181,8,-33,-15
1782,-1172,-2352,255,-164,-337,-20,11,27
2237,418,2402,322,59,341,-21,-8,-24
2252,1657,1721,320,238,247,-20,-18,-15
-1315,-2410,1308,-189,-340,189,10,26,-18
48,244,-2745,2,35,-388,3,-3,29
1665,2253,-689,237,317,-98,-17,-21,5
1117,-1998,-2158,161,-285,-308,-9,21,22
-1209,2307,-403,-172,324,-58,11,-24,2
-2058,1700,1773,-291,243,254,20,-17,-18
-995,-1138,-2951,-138,-163,-418,8,13,27
785,-983,2672,116,-146,383,-7,10,-26
-1923,-330,-1677,-271,-41,-241,16,4,16
1401,1896,937,197,268,131,-16,-15,-10
-572,2692,1022,-83,384,149,1,-24,-10
1741,1338,-1868,253,193,-269,-17,-10,17
1566,2188,350,225,312,48,-16,-21,-4
-1734,-1324,-1866,-244,-188,-269,17,13,17
3149,-129,-952,449,-16,-132,-32,-1,11
2091,-1276,-782,293,-179,-108,-21,10,11
1814,2072,315,260,295,47,-18,-21,-6
-1036,-1282,1829,-147,-189,265,10,14,-18
-2434,-333,-1071,-347,-45,-155,23,2,7
2813,315,265,397,43,35,-29,-3,-2
704,-541,-2684,100,-81,-383,-8,2,25
180,-1863,-2277,28,-266,-326,-2,12,22
-537,478,-3146,-73,72,-449,1,-3,29
-2275,1286,1169,-326,182,165,21,-16,-13
-3153,-167,839,-452,-22,117,31,5,-8
-2659,-1005,-62,-379,-143,-11,33,14,0
-2857,1552,-245,-403,219,-34,26,-15,-2
-2420,1189,-1497,-348,165,-213,22,-10,13
-996,-2088,1463,-141,-296,209,10,21,-13
785,-2777,-89,111,-396,-11,-10,22,2
-3064,52,457,-439,3,58,29,0,-1
-2003,1537,-2027,-286,222,-283,18,-14,20
-2744,192,516,-390,27,75,28,-1,-8
2627,428,1268,377,62,183,-26,-4,-11
2370,516,-2130,335,71,-306,-25,-4,20
-167,2752,-190,-23,391,-27,1,-24,0
-2333,-1758,399,-332,-254,59,23,10,-4
115,1289,-2001,17,186,-285,0,-12,22
-1645,320,-2350,-235,48,-336,15,1,23
168,539,-2987,26,80,-429,4,-6,30
550,109,2265,77,14,323,-1,-1,-15
2314,-1485,1355,330,-206,194,-21,21,-13
-2350,1553,904,-337,226,132,17,-17,-9
-1292,2795,-539,-184,402,-74,12,-30,8
-770,-1190,-2785,-108,-172,-397,7,9,30
-2348,-1197,1425,-336,-172,211,23,14,-13
1914,787,1936,275,112,273,-19,-8,-16
-20,934,-2534,-2,133,-361,0,-9,24
-1896,-1410,1509,-269,-201,214,14,14,-11
-3039,-1083,-1197,-436,-151,-174,30,14,12
-703,-1842,2083,-100,-263,297,8,21,-21
-865,2968,-1508,-121,421,-215,8,-31,19
3111,410,1160,442,62,161,-26,-4,-15
-783,2409,-1292,-107,344,-184,7,-24,11
3426,56,23,492,10,-1,-31,2,0
-3055,796,570,-440,112,73,28,-6,-8
-407,1576,2244,-62,226,323,3,-11,-22
-1560,2842,919,-221,405,133,14,-26,-7
2900,635,1073,411,92,158,-26,-3,-7
-2028,-452,2148,-286,-59,306,22,4,-20
-2567,1085,45,-371,157,1,32,-18,-1
-991,1405,2370,-142,203,340,9,-14,-23
142,-1409,-2144,15,-199,-308,0,8,26
1497,303,-2973,213,42,-427,-13,-6,33
-1158,221,2675,-167,32,380,9,5,-25
-147,-400,3215,-21,-51,459,-1,0,-32
-1828,-2033,567,-263,-290,82,19,26,-4
-1953,1811,-2055,-278,255,-294,15,-18,14
-838,-1721,-2258,-119,-250,-324,10,16,25
598,-1963,-2331,84,-274,-335,-5,21,24
-210,400,-2911,-29,61,-416,4,-9,31
-1336,-1236,2422,-192,-175,348,9,11,-27
2593,1842,156,366,258,23,-26,-22,3
683,-2491,2131,94,-355,301,-5,26,-19
-1754,-1837,-1551,-249,-262,-221,15,23,13
1971,2423,440,278,345,64,-23,-24,-1
-398,2348,1947,-56,333,281,-2,-23,-19
2374,-1106,-1948,339,-158,-282,-24,13,22
-989,-1488,-1769,-148,-214,-252,9,12,12
2259,-943,-1333,318,-135,-185,-21,9,8
2871,-44,150,412,-7,23,-26,2,-2
876,-1583,-1974,131,-232,-281,-12,18,14
-597,-2656,690,-82,-383,91,5,26,-8
3218,-115,-141,455,-18,-18,-36,0,5
1347,-17,-2874,195,-2,-410,-16,-4,28
2607,646,1802,375,90,259,-30,-7,-18
2246,-82,1413,316,-6,200,-21,-5,-11
-1515,2402,-1329,-208,341,-188,16,-22,15
-740,-2443,839,-106,-345,118,9,27,-9
-370,-1496,2055,-57,-212,293,5,14,-19
-1652,-1944,-1349,-236,-281,-184,9,16,13
-2499,2057,-233,-355,294,-32,24,-21,2
307,-2054,1512,38,-293,216,-4,19,-16
-2617,-1535,-1691,-371,-221,-238,26,14,19
1419,2503,374,205,362,55,-18,-25,-3
2882,48,1837,407,3,267,-26,-4,-22
-563,-3347,223,-79,-476,34,7,33,-2
-814,-2302,-208,-116,-326,-29,7,21,2
2886,-461,892,417,-72,127,-30,4,-11
38,-829,2517,9,-117,361,0,6,-29
1954,768,-1801,278,111,-257,-22,-7,22
-1138,-848,2144,-161,-121,307,14,13,-20
-2676,69,-662,-388,11,-94,26,0,6
-1190,-2014,1742,-170,-287,249,11,21,-20
-865,2859,-981,-126,407,-140,8,-31,12
3060,1455,828,437,209,118,-25,-19,-6
1292,-1828,-1200,181,-268,-168,-13,18,9
-2351,-1092,557,-339,-155,81,23,13,-3
1107,-2033,693,155,-290,100,-7,21,-10
-962,323,3456,-140,48,493,11,-4,-30
2434,637,-1784,348,96,-252,-24,-9,18
2157,1618,59,308,226,8,-25,-20,-2
849,-62,-2418,121,-8,-344,-7,-3,23
2762,1436,-1383,394,207,-197,-23,-15,11
-3036,419,878,-432,57,124,24,1,-10
2503,1489,-756,356,217,-109,-25,-12,4
-1397,-2563,-133,-199,-361,-19,12,23,1
-288,1425,-3042,-41,207,-432,1,-13,29
24,2975,447,2,428,63,-2,-37,-4
285,-2013,-2331,34,-287,-329,5,25,26
-634,-2885,-1380,-90,-410,-196,4,31,16
-2550,-1613,1326,-369,-228,189,22,15,-12
-260,-1885,1699,-40,-269,242,7,18,-16
-632,1319,2283,-91,186,323,4,-18,-22
-865,-2642,-279,-126,-373,-39,3,24,0
2223,-1977,880,317,-281,130,-23,20,-8
42,2810,-450,10,401,-65,0,-24,0
-950,2330,2037,-134,332,291,4,-23,-18
1044,286,3174,151,40,451,-8,-1,-30
-932,2492,-342,-135,352,-53,9,-25,-1
3318,808,-839,473,112,-125,-33,-7,8
2190,802,1373,314,108,196,-21,-10,-13
-110,2227,2514,-13,321,357,1,-26,-22
-762,-2542,1571,-107,-363,219,7,27,-15
-843,1461,-2501,-121,208,-360,6,-15,25
1037,-2192,-1862,146,-314,-266,-9,21,16
1428,-2502,783,208,-357,117,-12,24,-1
-1519,802,-2626,-214,115,-375,12,-10,21
-2483,1663,1263,-349,237,180,19,-18,-17
1246,-500,2566,175,-69,366,-15,2,-25
-2286,-1779,-461,-327,-255,-65,22,23,2
350,3135,1064,50,449,152,-3,-31,-6
-506,275,-2858,-70,47,-408,6,-1,29
2283,2049,-751,328,292,-107,-18,-23,12
-1926,-1360,-1240,-279,-194,-175,19,15,14
1343,457,-2363,185,63,-333,-13,-2,23
-1206,2687,-982,-173,379,-140,8,-22,15
2187,30,2741,312,5,391,-21,2,-25
2627,1354,-644,375,193,-92,-23,-13,-2
2234,1551,-629,314,221,-87,-21,-15,6
-2224,181,-1582,-317,28,-226,19,-2,18
-1203,943,2568,-174,137,364,12,-2,-28
1723,2089,584,247,300,80,-17,-19,-9
1087,-867,2921,156,-126,421,-10,7,-29
359,-2816,1809,51,-402,255,0,28,-19
1010,1125,-2626,144,160,-377,-13,-17,27
-2218,1407,-767,-321,206,-110,24,-16,1
-3075,459,556,-436,65,76,28,-5,-5
-711,3207,1693,-97,457,242,10,-35,-20
2313,-442,-2190,330,-64,-315,-19,2,18
-1225,2747,-653,-177,394,-93,8,-30,5
1874,-2001,-949,267,-285,-133,-18,21,8
1135,-2961,-1056,159,-420,-148,-9,25,9
-992,1847,1999,-139,262,285,7,-22,-23
355,2681,-983,50,383,-140,-4,-27,15
-366,-2446,1278,-52,-353,183,4,27,-12
1878,-2548,244,268,-365,33,-18,27,0
2552,811,567,366,110,84,-25,-8,-8
3105,498,303,444,68,45,-31,-5,-2
167,-2030,-2095,20,-290,-300,2,16,26
637,2069,1692,83,294,243,-9,-20,-18
279,-2256,1998,45,-322,285,-6,21,-14
1300,-1475,2240,185,-210,320,-13,10,-26
-909,1932,1771,-128,280,256,4,-20,-20
-2564,-1688,925,-368,-238,129,27,16,-11
-1016,-2945,738,-147,-419,106,9,33,-5
-53,-2665,-2270,-11,-379,-324,-2,28,19
1575,642,2511,223,94,355,-17,-1,-16
1038,2769,151,144,397,21,-12,-27,-3
2607,805,-1130,372,115,-161,-27,-9,11
2070,170,2504,298,21,356,-24,-4,-26
-2063,152,-2561,-295,24,-365,16,-4,31
2655,-493,-835,379,-69,-115,-26,8,7
-2780,900,-676,-397,132,-100,29,-11,6
252,2668,1762,39,379,250,-2,-29,-17
-2790,-731,-1001,-395,-101,-140,26,6,13
-1229,497,-2048,-171,72,-295,12,1,23
2491,1388,1334,356,203,191,-29,-14,-12
2321,-1287,2441,333,-179,351,-24,14,-23
1460,2731,-68,209,390,-5,-15,-28,7
1398,618,2852,202,87,407,-11,-1,-32
47,1927,2446,9,271,348,-1,-25,-19
757,2073,-2212,113,296,-317,-6,-25,21
-1045,2707,-1885,-145,385,-264,5,-27,18
-1495,-818,-1857,-215,-118,-262,14,9,12
-2627,-718,-1764,-378,-101,-252,25,9,18
2024,960,1742,293,135,254,-27,-9,-21
1784,2855,-138,252,406,-15,-16,-32,1
-2160,-710,-1609,-304,-103,-223,17,6,17
-2478,-2089,95,-353,-299,15,28,23,1
2435,527,2073,347,75,296,-27,-4,-20
-1352,2955,791,-193,424,117,13,-31,-6
3003,1189,678,424,169,100,-30,-9,-10
604,-799,2066,89,-115,292,-10,10,-17
-2506,-1768,406,-354,-247,58,30,16,-2
-1310,-352,-1934,-188,-48,-276,13,6,19
1378,-2170,834,196,-312,122,-13,22,-8
-714,2923,-799,-107,414,-115,8,-30,7
906,232,-2566,128,32,-362,-9,2,18
-2288,-1476,1309,-327,-210,183,22,14,-13
1697,1613,308,240,226,45,-16,-18,-4
2453,773,-1994,353,111,-283,-25,-6,24
2094,-2409,33,295,-347,4,-15,25,2
526,-1113,2073,77,-157,294,-5,12,-21
-2442,591,-1823,-349,83,-262,24,-1,17
-335,-2835,592,-43,-406,86,4,28,-4
-2785,-972,229,-394,-135,36,23,11,-1
-1100,-1480,1796,-154,-210,257,10,17,-20
2325,1914,-452,332,272,-60,-23,-21,2
2180,1218,2887,313,177,412,-19,-12,-29
2374,-881,-1454,334,-132,-207,-22,13,16
-1748,2499,-1372,-248,359,-196,17,-23,16
1727,-1109,1790,246,-160,255,-19,13,-19
905,1527,-2078,121,218,-303,-5,-16,19
2420,-59,2292,347,-12,329,-24,0,-16
2287,-1783,1206,328,-257,170,-21,20,-14
-2664,-152,-1382,-374,-23,-198,26,1,13
-1081,1292,-2263,-158,184,-324,5,-11,24
2446,-545,-2289,350,-75,-328,-25,7,22
2235,-1381,-2054,322,-198,-298,-22,16,26
-3257,-154,-718,-466,-23,-101,29,-2,7
1673,1690,516,244,239,70,-19,-22,-6
1385,-2456,418,196,-350,58,-17,25,-4
2985,-884,-799,428,-119,-111,-33,5,7
-1513,2311,-173,-212,328,-23,15,-20,-4
-2074,-1496,-1222,-297,-214,-176,24,18,12
-2057,-370,-2301,-294,-52,-326,21,6,23
-2227,-2336,-145,-320,-339,-18,22,22,-3
2914,1632,652,414,227,94,-28,-16,-6
-1038,-2308,1378,-152,-333,198,13,31,-15
643,-1788,-2511,94,-255,-361,-2,21,23
902,2772,-1464,131,400,-212,-10,-23,17
1063,-1453,2430,156,-209,349,-10,16,-22
-224,3075,442,-29,439,67,-1,-31,1
-1373,-2192,-921,-196,-313,-132,13,24,8
-3353,295,495,-481,42,66,31,-1,-10
-1853,809,2625,-260,110,375,17,-4,-26
78,-1196,2121,9,-171,303,2,6,-18
3114,913,1260,443,123,184,-28,-10,-8
2387,-357,370,341,-48,51,-29,2,-3
-2301,-1677,-546,-328,-241,-75,22,16,3
1126,2571,-1330,157,367,-193,-13,-25,13
1806,345,2195,258,46,317,-20,-3,-18
1375,2815,-293,194,400,-43,-13,-28,0
2393,-1081,1055,342,-154,156,-23,13,-10
-74,1914,-2448,-14,273,-350,2,-17,23
2018,-1928,814,287,-279,114,-23,12,-10
-89,1458,2267,-14,213,322,-1,-16,-22
-2310,1272,-1141,-328,178,-156,23,-12,10
1157,2183,885,162,309,120,-11,-19,-5
-2528,2520,163,-360,364,20,25,-29,4
1873,1210,2281,268,176,327,-22,-10,-25
-654,-2387,-1867,-91,-341,-267,1,22,17
1619,-1540,-1714,226,-222,-247,-20,13,17
-2781,1254,-451,-399,186,-64,26,-13,0
